n         charge   num_O    num_H   num_Zr  num_A     E_defected    E_perfect   num_site  group_site
0   1   0   1  0   0   0.0   0.20  1  1 
1   -1   1   1  0   0  -1.6292   0.15   1   1
2           4        0        0       1   0     -5.7983       0.0        1            2
3         3        1        1       1   0     -7.9542       0.0        1             3
4      2        2        2       1     0   -10.4510      0.0        1                4
5        0        4        4       1   0     -15.1789      0.0        1              5
6      -2       6        6       1     0   -18.5084      0.0        1                6
7     8        4        4       3      0  -26.2872      0.0        1                 7
8     3        9        9       3      0  -39.2734      0.0        1                 8
9     8        8        8       4      0  -41.9578      0.0        1                 9
10    1        15       15      4      0  -59.5205      0.0        1                10
11    -1       0       0       0      1     0.0         0.0        1               11

