n      charge   num_O   num_H  num_Zr num_A    E_DFT          E_perfect         num_site  group_site  
0       0       -1   0    0     0      -.90186440E+03      -0.91266194E+03    2         1
1       1       -1   0    0     0     -.90690628E+03       -0.91266194E+03       2      1
2       2       -1   0    0     0    -.91185146E+03        -0.91266194E+03      2       1
3       0        0   0   -1     0    -0.88818307E+03       -0.91266194E+03      1      2
4      -1       0    0  -1      0   -0.88584460E+03       -0.91266194E+03      1       2
5      -2       0    0  -1      0   -0.88346963E+03       -0.91266194E+03      1       2
6      -3       0    0  -1      0   -0.88107198E+03       -0.91266194E+03      1       2
7      -4       0    0  -1      0   -0.87850368E+03       -0.91266194E+03     1        2
8      0        0    0   1      0  -0.91753576E+03       -0.91266194E+03       1      3
9      1        0    0   1      0  -0.92357952E+03       -0.91266194E+03       1      3  
10     2        0    0   1      0  -0.92927242E+03     -0.91266194E+03         1      3 
11     3        0    0   1      0  -0.93469184E+03     -0.91266194E+03         1      3 
12     4        0    0   1      0  -0.93979499E+03     -0.91266194E+03         1      3
13     0        1    0   0      0  -0.91589527E+03     -0.91266194E+03         2     4
14     -1       1    0   0      0  -0.91174913E+03     -0.91266194E+03         2     4 
15     -2       1    0   0      0  -0.90847396E+03      -0.91266194E+03        2     4
16     1        0       1      0   0   -.92035398E+03       -0.91266194E+03        1     5
17     0        0       1      0   0     -.91423611E+03       -0.91266194E+03        1     5
18     -1       0       1      0   0       -.90954200E+03       -0.91266194E+03        1     5
19     1        0       2      0   0       -.92171407E+03       -0.91266194E+03        1     5
20     0        0       2      0    0        -.91788796E+03       -0.91266194E+03        1     5
21    -1       0       2      0     0        -.91174405E+03       -0.91266194E+03        1      5
22     -1       -1      1      0    0          -.89970566E+03       -0.91266194E+03        1     6
23      0        -1      1      0    0    -.90581912E+03       -0.91266194E+03        1    6
24      1        -1      1      0    0     -.91188896E+03       -0.91266194E+03        1    6
25      2        -1      1      0    0       -.91434835E+03       -0.91266194E+03        1    6
26      3        -1      1      0    0    -.91673546E+03       -0.91266194E+03        1    6
27     -1       -1      2     0    0   -.90316738E+03       -0.91266194E+03        1      6
28      0        -1      2     0   0   -.90924648E+03       -0.91266194E+03        1     6
29      1        -1      2     0   0   -.91332059E+03       -0.91266194E+03        1     6
30      2        -1      2     0   0   -.91894302E+03       -0.91266194E+03        1     6
31      3        -1      2     0   0    -.92143697E+03       -0.91266194E+03        1     6
32     -1       -1      1      0   0     -.89960408E+03       -0.91266194E+03        1     6
33      0        -1      1      0   0   -.90556583E+03       -0.91266194E+03        1    6
34      1        -1      1      0   0   -.91147390E+03       -0.91266194E+03        1    6
35      2        -1      1      0   0    -.91393123E+03       -0.91266194E+03        1    6
36      3        -1      1      0   0    -.91634537E+03       -0.91266194E+03        1    6
37     -1       -1      2      0     0    -.90307727E+03      -0.91266194E+03        1     6
38      0        -1      2      0    0     -.90911398E+03      -0.91266194E+03        1    6
39     1        -1      2      0     0    -.91288465E+03      -0.91266194E+03        1     6
40      2        -1      2      0    0     -.91820128E+03      -0.91266194E+03        1    6
41      3        -1      2      0    0    -.92066945E+03      -0.91266194E+03        1    6
42     -5        0      1      -1    0     -.87546301E+03     -0.91266194E+03        1     7
43     -4        0      1      -1    0      -.88147005E+03     -0.91266194E+03        1     7
44     -3        0      1      -1    0      -.88742756E+03     -0.91266194E+03        1     7
45     -2        0      1      -1    0     -.88986660E+03     -0.91266194E+03        1     7
46     -1        0      1      -1    0    -.89227255E+03     -0.91266194E+03        1     7
47      0         0      1      -1   0    -.89462873E+03     -0.91266194E+03        1    7
48      1         0      1      -1   0     -.89690129E+03     -0.91266194E+03        1    7
49     -5        0      2      -1    0     -.87840524E+03    -0.91266194E+03        1      7
50     -4        0      2      -1    0      -.88435314E+03    -0.91266194E+03        1      7
51     -3        0      2      -1    0      -.88995821E+03    -0.91266194E+03        1      7
52     -2        0      2      -1    0      -.89587647E+03    -0.91266194E+03        1      7
53     -1        0      2      -1    0       -.89826810E+03    -0.91266194E+03        1      7
54      0         0      2      -1   0     -.90061914E+03    -0.91266194E+03        1     7
55      1         0      2      -1   0      -.90291739E+03    -0.91266194E+03        1     7
56     -1        0      3      -1    0       -.90346024E+03    -0.91266194E+03        1      7
57      0         0      4      -1   0       -.91164333E+03    -0.91266194E+03        1     7
58      1         0      5      -1   0        -.92026124E+03    -0.91266194E+03        1     7
59      2         0      6      -1   0        -.92811567E+03    -0.91266194E+03        1     7
60     3         0      7      -1    0         -.93554656E+03    -0.91266194E+03        1      7
61      4         0      8      -1   0          -.94318637E+03    -0.91266194E+03        1     7 
